11
0 29 69 35 17 18 66 93 3 76 80
29 0 15 35 19 40 54 64 31 95 90
69 15 0 7 56 82 15 4 85 19 20
35 35 7 0 91 65 99 76 58 13 15
17 19 56 91 0 52 9 43 28 40 19
18 40 82 65 52 0 22 68 75 85 30
66 54 15 99 9 22 0 49 9 61 11
93 64 4 76 43 68 49 0 10 67 66
3 31 85 58 28 75 9 10 0 42 34
76 95 19 13 40 85 61 67 42 0 21
80 90 20 15 19 30 11 66 34 21 0

#RES:452
#SCORE:2